// UP
  1.0  0.75  1.0  0.0 0.75
  0.0  1.5   0.0  0.0 0.0
 -1.0  0.75  1.0  1.0 0.0
  
 -1.0  0.75   1.0  0.0 0.75
  0.0  1.5    0.0  0.0 0.0
 -1.0  0.75  -1.0  1.0 0.0
  
 -1.0  0.75  -1.0  0.0 0.75
  0.0  1.5    0.0  0.0 0.0
  1.0  0.75  -1.0  1.0 0.0
  
  1.0  0.75  -1.0  0.0 0.75
  0.0  1.5    0.0  0.0 0.0
  1.0  0.75   1.0  1.0 0.0


// A
 -1.0  0.75  1.0  0.0 0.75
 -1.0  0.0  1.0  0.0 0.0
  1.0  0.0  1.0 1.0 0.0
 
 -1.0 0.75  1.0  0.0 0.75
  1.0 0.75  1.0  1.0 0.75
  1.0  0.0  1.0  1.0 0.0

// B
 -1.0  0.75  -1.0  0.0 0.75
 -1.0  0.0  -1.0  0.0 0.0
 -1.0  0.0   1.0  1.0 0.0

 -1.0  0.75  -1.0  0.0 0.75
 -1.0  0.75   1.0  1.0 0.75
 -1.0  0.0   1.0  1.0 0.0

// C
  1.0  0.75  -1.0  0.0 0.75
  1.0  0.0  -1.0  0.0 0.0
 -1.0  0.0  -1.0  1.0 0.0

  1.0  0.75  -1.0  0.0 0.75
 -1.0  0.75  -1.0  1.0 0.75
 -1.0  0.0  -1.0  1.0 0.0

// D
  1.0  0.75   1.0  0.0 0.75
  1.0  0.0   1.0  0.0 0.0
  1.0  0.0  -1.0  1.0 0.0
 
  1.0  0.75   1.0  0.0 0.75
  1.0  0.75  -1.0  1.0 0.75
  1.0  0.0  -1.0  1.0 0.0