// A
-10.0  2.0  10.0  0.0 0.75
-10.0  0.0  10.0  0.0 0.0
 10.0  0.0  10.0 10.0 0.0
 
-10.0  2.0  10.0  0.0 0.75
 10.0  2.0  10.0 10.0 0.75
 10.0  0.0  10.0 10.0 0.0

// B
-10.0  2.0 -10.0  0.0 0.75
-10.0  0.0 -10.0  0.0 0.0
-10.0  0.0  10.0 10.0 0.0

-10.0  2.0 -10.0  0.0 0.75
-10.0  2.0  10.0 10.0 0.75
-10.0  0.0  10.0 10.0 0.0

// C
 10.0  2.0 -10.0  0.0 0.75
 10.0  0.0 -10.0  0.0 0.0
-10.0  0.0 -10.0 10.0 0.0

 10.0  2.0 -10.0  0.0 0.75
-10.0  2.0 -10.0 10.0 0.75
-10.0  0.0 -10.0 10.0 0.0

// D
 10.0  2.0  10.0  0.0 0.75
 10.0  0.0  10.0  0.0 0.0
 10.0  0.0 -10.0 10.0 0.0
 
 10.0  2.0  10.0  0.0 0.75
 10.0  2.0 -10.0 10.0 0.75
 10.0  0.0 -10.0 10.0 0.0